Ckappa: 0.08333333333333333
Cmu: 0.08333333333333333
Coriolis: 0.0001
Lz: 256.0
N2_deep: 2.0e-06
N2_surface_layer: 2.0e-06
N2_thermocline: 1.0e-05
Nz: 256.0
boundary_condition_theta_bottom: 0.0010197162129779282
boundary_condition_theta_top: 7.647871597334463e-05
boundary_condition_u_bottom: 0.0
boundary_condition_u_top: -0.0008
buoyancy_flux: 1.5e-07
constant_salinity: 35.0
coriolis_parameter: 0.0001
dthetadz_deep: 0.0010197162129779282
dthetadz_surface_layer: 0.0010197162129779282
dthetadz_thermocline: 0.005098581064889642
gravitational_acceleration: 9.80665
haline_contraction: 0.00078
k_deep: 164.0
k_transition: 195.0
momentum_flux: -0.0008
stokes_drift_Langmuir_number: 0.3006163308924
stokes_drift_air_density: 1.225
stokes_drift_air_friction_velocity: 0.8177620031999231
stokes_drift_peak_wavenumber: 0.012262499999999999
stokes_drift_surface_velocity: 0.3129823548927453
stokes_drift_water_density: 1024.0
stokes_drift_water_friction_velocity: 0.0282842712474619
surface_layer_depth: 48.0
temperature_flux: 7.647871597334463e-05
thermal_expansion: 0.0002
thermal_expansion_coefficient: 0.0002
thermocline_type: b'linear'
thermocline_width: 24.0
theta_deep: 19.829022069288992
theta_surface: 20.0
theta_transition: 19.95166247021345
z_deep: -71.45675340264403
z_transition: -47.40292364812737
