Ckappa: 0.08333333333333333
Cmu: 0.08333333333333333
Coriolis: 0.0001
Lz: 256.0
N2_deep: 2.0e-06
N2_surface_layer: 2.0e-06
N2_thermocline: 1.0e-05
Nz: 128.0
boundary_condition_theta_bottom: 0.0010197162129779282
boundary_condition_theta_top: 4.0788648519117134e-05
boundary_condition_u_bottom: 0.0
boundary_condition_u_top: -0.00034
buoyancy_flux: 8.0e-08
constant_salinity: 35.0
coriolis_parameter: 0.0001
dthetadz_deep: 0.0010197162129779282
dthetadz_surface_layer: 0.0010197162129779282
dthetadz_thermocline: 0.005098581064889642
gravitational_acceleration: 9.80665
haline_contraction: 0.00078
k_deep: 82.0
k_transition: 98.0
momentum_flux: -0.00034
surface_layer_depth: 48.0
temperature_flux: 4.0788648519117134e-05
thermal_expansion: 0.0002
thermal_expansion_coefficient: 0.0002
thermocline_type: b'linear'
thermocline_width: 24.0
theta_deep: 19.82545616487405
theta_surface: 20.0
theta_transition: 19.952056510005466
z_deep: -71.84700810715125
z_transition: -47.01650261549119
