Ckappa: 0.08333333333333333
Cmu: 0.08333333333333333
Coriolis: 0.0001
Lz: 256.0
N2_deep: 2.0e-06
N2_surface_layer: 2.0e-06
N2_thermocline: 1.0e-05
Nz: 256.0
boundary_condition_theta_bottom: 0.0010197162129779282
boundary_condition_theta_top: 0.00015295743194668925
boundary_condition_u_bottom: 0.0
boundary_condition_u_top: -0.00035
buoyancy_flux: 3.0e-07
constant_salinity: 35.0
coriolis_parameter: 0.0001
dthetadz_deep: 0.0010197162129779282
dthetadz_surface_layer: 0.0010197162129779282
dthetadz_thermocline: 0.005098581064889642
gravitational_acceleration: 9.80665
haline_contraction: 0.00078
k_deep: 164.0
k_transition: 195.0
momentum_flux: -0.00035
stokes_drift_Langmuir_number: 0.3224102202941593
stokes_drift_air_density: 1.225
stokes_drift_air_friction_velocity: 0.5408987230262505
stokes_drift_peak_wavenumber: 0.028028571428571427
stokes_drift_surface_velocity: 0.1799767567917153
stokes_drift_water_density: 1024.0
stokes_drift_water_friction_velocity: 0.018708286933869705
surface_layer_depth: 48.0
temperature_flux: 0.00015295743194668925
thermal_expansion: 0.0002
thermal_expansion_coefficient: 0.0002
thermocline_type: b'linear'
thermocline_width: 24.0
theta_deep: 19.829022069288992
theta_surface: 20.0
theta_transition: 19.95166247021345
z_deep: -71.45675340264403
z_transition: -47.40292364812737
