Ckappa: 0.08333333333333333
Cmu: 0.08333333333333333
Coriolis: 0.0001
Lz: 256.0
N2_deep: 2.0e-06
N2_surface_layer: 2.0e-06
N2_thermocline: 1.0e-05
Nz: 64.0
boundary_condition_theta_bottom: 0.0010197162129779282
boundary_condition_theta_top: 2.5492905324448206e-05
boundary_condition_u_bottom: 0.0
boundary_condition_u_top: -0.00038
buoyancy_flux: 5.0e-08
constant_salinity: 35.0
coriolis_parameter: 0.0001
dthetadz_deep: 0.0010197162129779282
dthetadz_surface_layer: 0.0010197162129779282
dthetadz_thermocline: 0.005098581064889642
gravitational_acceleration: 9.80665
haline_contraction: 0.00078
k_deep: 42.0
k_transition: 49.0
momentum_flux: -0.00038
surface_layer_depth: 48.0
temperature_flux: 2.5492905324448206e-05
thermal_expansion: 0.0002
thermal_expansion_coefficient: 0.0002
thermocline_type: b'linear'
thermocline_width: 24.0
theta_deep: 19.84053438243087
theta_surface: 20.0
theta_transition: 19.951268096458907
z_deep: -69.50820771958672
z_transition: -47.78967218612591
