Ckappa: 0.08333333333333333
Cmu: 0.08333333333333333
Coriolis: 0.0001
Lz: 256.0
N2_deep: 2.0e-06
N2_surface_layer: 2.0e-06
N2_thermocline: 1.0e-05
Nz: 384.0
boundary_condition_theta_bottom: 0.0010197162129779282
boundary_condition_theta_top: 0.0004894637822294056
boundary_condition_u_bottom: 0.0
boundary_condition_u_top: 0.0
buoyancy_flux: 9.6e-07
constant_salinity: 35.0
coriolis_parameter: 0.0001
dthetadz_deep: 0.0010197162129779282
dthetadz_surface_layer: 0.0010197162129779282
dthetadz_thermocline: 0.005098581064889642
gravitational_acceleration: 9.80665
haline_contraction: 0.00078
k_deep: 245.0
k_transition: 292.0
momentum_flux: 0.0
surface_layer_depth: 48.0
temperature_flux: 0.0004894637822294056
thermal_expansion: 0.0002
thermal_expansion_coefficient: 0.0002
thermocline_type: b'linear'
thermocline_width: 24.0
theta_deep: 19.827558629142715
theta_surface: 20.0
theta_transition: 19.95153110929344
z_deep: -71.84683915415063
z_transition: -47.531744704747936
