Ckappa: 0.08333333333333333
Cmu: 0.08333333333333333
Coriolis: 0.0001
Lz: 256.0
N2_deep: 2.0e-06
N2_surface_layer: 2.0e-06
N2_thermocline: 1.0e-05
Nz: 256.0
boundary_condition_theta_bottom: 0.0010197162129779282
boundary_condition_theta_top: 0.00020394324259558565
boundary_condition_u_bottom: 0.0
boundary_condition_u_top: -0.0016
buoyancy_flux: 4.0e-07
constant_salinity: 35.0
coriolis_parameter: 0.0001
dthetadz_deep: 0.0010197162129779282
dthetadz_surface_layer: 0.0010197162129779282
dthetadz_thermocline: 0.005098581064889642
gravitational_acceleration: 9.80665
haline_contraction: 0.00078
k_deep: 164.0
k_transition: 195.0
momentum_flux: -0.0016
stokes_drift_Langmuir_number: 0.2912283783381898
stokes_drift_air_density: 1.225
stokes_drift_air_friction_velocity: 1.1564901157187215
stokes_drift_peak_wavenumber: 0.0061312499999999995
stokes_drift_surface_velocity: 0.47162042737079
stokes_drift_water_density: 1024.0
stokes_drift_water_friction_velocity: 0.04
surface_layer_depth: 48.0
temperature_flux: 0.00020394324259558565
thermal_expansion: 0.0002
thermal_expansion_coefficient: 0.0002
thermocline_type: b'linear'
thermocline_width: 24.0
theta_deep: 19.829022069288992
theta_surface: 20.0
theta_transition: 19.95166247021345
z_deep: -71.45675340264403
z_transition: -47.40292364812737
